,Time on App,Time on Website,Length of Membership,Yearly Amount Spent
0,12.655651149166752,39.57766801952616,4.082620632952961,587.9510539684005
1,11.109460728682564,37.268958868297744,2.66403418213262,392.2049334443264
2,11.330278057777512,37.11059744212085,4.104543202376424,487.54750486747207
3,13.717513665142508,36.72128267790313,3.120178782748092,581.8523440352178
4,12.795188551078114,37.53665330059473,4.446308318351435,599.4060920457634
5,12.026925339755058,34.47687762925054,5.493507201364199,637.102447915074
6,11.366348309710526,36.683776152869605,4.685017246570912,521.5721747578274
7,12.35195897300293,37.373358858547554,4.4342734348999375,549.9041461052942
8,13.386235275676434,37.534497341555735,3.2734335777477144,570.2004089636195
9,11.814128294972196,37.14516822352819,3.202806071553459,427.19938489532814
10,13.338975447662111,37.22580613162114,2.482607770510596,492.6060127179966
11,11.584782999535266,37.087926070983805,3.71320920294043,522.3374046069357
12,10.961298400154098,37.42021557502538,4.046423164299585,408.64035107262754
13,12.959226091609382,36.14466670004192,3.918541839158999,573.4158673313865
14,13.148725692056516,36.61995708279922,2.494543646659249,470.45273330095546
15,12.636606052000127,36.213763093698624,3.357846842326294,461.7807421962299
16,11.733861690857392,34.8940927514398,3.1361327164897803,457.84769594494855
17,12.0131946940144,38.38513659413844,2.420806160901484,407.7045475495441
18,14.7153875441565,38.24411459434352,1.516575580831944,452.31567548003545
19,13.989592555825254,37.19050380039796,4.064548550437977,605.061038804892
20,11.365492025516156,37.60779252420698,4.599937357614995,534.7057438060227
21,12.87798369625634,37.44102133556604,1.559151939957077,419.9387748391792
22,13.378562784168986,38.73400628989712,2.2451477874052825,436.51560572936256
23,11.657575922065584,36.77260376125875,3.919302308553184,519.3409891307888
24,12.893669504071738,37.63575587790592,5.705153970601026,700.9170916173961
25,11.765812645482358,37.73852494557909,2.7217359920452187,423.17999168059777
26,12.78389178427502,36.430649621049305,4.648199316428601,619.8956398616368
27,13.007819424388568,37.85177916943607,2.996364526268539,486.83893476506273
28,11.982044994015611,35.29308775436051,3.923488745527437,529.537665336851
29,11.965020002997898,37.27781174207212,4.742577519573315,554.7220838330761
30,12.305417813429443,36.16364817104465,3.062368145311689,497.5866713004408
31,10.869163814130363,35.62244242064545,3.471413452477678,447.6879065360586
32,13.387492105579694,35.69417498569782,4.343062915388998,588.7126055095755
33,13.1045072428758,38.878040506759845,2.8200972339734696,491.0732236795197
34,11.634893252550466,35.36862632536302,4.1245852967146535,507.4418323396167
35,11.936386499892285,38.76864099802668,3.649286157714702,521.8835731664784
36,11.75502370305383,36.7657223578584,1.8473704233395083,347.7769266318726
37,11.984417523634924,37.0443614002997,3.452388582630727,490.7386321439546
38,9.954975969174418,37.38831486719822,4.650491269094463,478.1703340540876
39,12.489013215743665,36.37147981406854,4.22243622534277,537.8461952695957
40,11.733106220383402,37.53429101112127,4.671275460906252,532.7517875818365
41,10.634561317920278,37.49669014561275,4.646119976606155,501.8744302842695
42,12.507525374016035,37.14286198458455,4.214495086037866,591.1971781805905
43,11.52987820576495,36.888086054199256,4.643258549800133,547.2443434159983
44,13.41493473585169,36.11243501077792,2.258686386946843,448.22982918655
45,12.170525424959395,39.13109673366661,3.663105491283854,549.860590464497
46,13.14655143290706,37.33544589432572,3.8768751769237673,593.915002968289
47,12.988510147185291,36.46200325853961,4.113226122724209,563.6728733601082
48,11.86412635894251,36.58272776540628,3.202531199210734,479.73194908594513
49,11.398064190096813,36.59445670006827,3.198399271684906,416.3583535799008
50,13.85806246213124,37.78026468722867,5.97676812602,725.5848140556805
51,10.956790967791653,37.266878259420906,2.952668957921736,442.667251738628
52,10.320116255059192,37.45340510152358,2.0948917061051766,384.6265715694054
53,9.98451439654646,35.93344930095986,3.85547168456418,451.4574468676027
54,12.64519514084352,38.46832110587932,2.874596910303952,522.40414125956
55,11.588655423353044,35.25224202243303,3.3920504890738385,483.6733080190456
56,13.761532847115612,39.25293095040623,2.995761182613056,520.8987944502368
57,10.56829468563276,36.17312563197192,3.315224753915403,453.16950235469744
58,11.832286222863628,36.81401056250368,3.4719191365417483,496.650708068581
59,12.06415663219932,37.271221692501925,3.9705556280753487,547.3651405940458
60,12.495591602384836,38.05260975257308,4.639320331857264,616.8515229667128
61,9.607314687519166,36.49399254673739,5.081210092491108,507.21256900067846
62,13.728627177429864,37.99702800956553,4.802630630523376,613.5993233689068
63,11.670065919118978,37.4087484767376,3.414688422504897,483.15972078451705
64,13.276313008175377,36.60077705432864,3.462298847460372,540.2634004105403
65,15.126994288792469,37.15762409406526,5.377593583586978,765.5184619388372
66,12.695789749023144,35.358444307206696,4.001786345798084,553.6015346844503
67,11.835476087614284,36.375066106372905,3.4395905595500764,469.3108614953106
68,11.306232344673576,37.68040322813719,2.7795207192736093,408.62018782983785
69,11.187538910878676,40.005181638101895,3.5526497674265176,451.575685159493
70,11.887494133971662,36.265000697022046,2.6022871120328714,444.96655165329264
71,12.2289347111239,36.1571911511149,4.694322274442824,595.8228366992037
72,10.674653472691904,38.00658317947767,3.4015223445155094,418.1500810968496
73,12.817113090284248,37.03153921676629,3.8515788003584657,534.7771880994133
74,13.5878060830337,38.260353442660126,3.25811288288828,578.2416050583773
75,12.238057349986248,38.73086173541955,3.120568914816974,478.7193568742153
76,11.55182116621942,36.628834292811774,2.837943164069798,444.2859074976436
77,11.433379933334455,35.89243163440533,4.470282584120023,544.7798637193825
78,10.889566863427978,38.21257083414733,4.442054329011166,488.7860610939056
79,11.928842093866267,36.91463331144087,3.164943995285113,475.759067788328
80,12.595671305072534,39.6003764658614,3.7517345520890513,489.8124879964614
81,10.947258584185183,35.88399438701215,3.159754443950926,462.8976361529081
82,13.898081993497067,37.0589128165069,4.130562809236323,596.4301726172283
83,10.875559548189257,37.78114255999947,1.9140899242311,338.3198626415221
84,10.33807269503854,36.15725594420065,4.396651901097083,533.5149352552407
85,11.634668217942473,36.182539282355286,5.113319474870622,536.7718993628412
86,12.517666287393077,37.15192066097144,2.669941624279581,487.3793060170291
87,10.607723870859086,36.81909551318471,3.3664637433729325,473.7289665129948
88,12.8288933950187,36.951616684246815,4.571213023779052,547.1259317471988
89,12.068816079691766,36.1050004999139,3.917451119136939,505.1133435398579
90,12.530357373542882,37.87521910003027,2.476139050596411,449.0703194428044
91,13.516284296962846,36.77312349371806,4.125584363255396,611.0000251040717
92,11.662263431208276,36.05024078202619,3.9972553776226674,515.8288148548279
93,13.664747875183542,37.72438615760942,1.3626740800013843,439.074766741645
94,11.83023109487895,36.63385670229112,4.193324635532072,514.088957746572
95,13.291143045352882,38.633625651583536,3.871003400176416,543.340166256701
96,11.942340869536071,38.06341358683894,4.08180269478151,521.1429518103512
97,13.349912944366531,37.827394227862136,4.252006105620936,614.7153338263417
98,12.020112091208748,39.074400211336965,3.911708668370663,507.39006178986654
99,12.084091730811034,35.89035795567322,3.021671821710012,495.2994425473086
100,13.410759184940549,35.9904889547585,3.184618661620886,518.0645579840107
101,11.281931074103642,37.385317552778375,2.877224878259828,390.1032729724755
102,11.448901535513796,37.58019042917731,2.5869679851624765,420.7376732446371
103,12.595420346380532,36.26203180012439,2.9696402266327597,492.1050523891852
104,10.994223919350974,38.07445241970454,3.4288599039280125,410.06961105998295
105,13.085505760060858,35.84582711383271,2.926940235492512,497.5136833293677
106,12.190474287309026,36.15246208860067,3.781823039343296,494.55186108657256
107,10.719149740628396,37.71250863884946,3.004742535925674,378.3309069068038
108,12.931550271647987,38.16643555663392,3.854473855602962,570.451725912857
109,13.45212895943564,38.5030088492416,3.318822278930894,549.0082269346927
110,12.149375491578276,37.32533422381935,3.361814624383144,459.285123462352
111,12.178331333996288,37.71598617762173,3.722561172893833,492.94505306595823
112,11.010482132400076,38.415041581538325,3.5435470501829984,424.7626355099111
113,11.60253219348616,37.3096887708795,2.789461516374708,422.42677587650905
114,12.732211588456623,35.60082054911087,5.4859767341605234,642.1015787311585
115,11.223368888365105,37.69230086128235,2.59418972057778,413.3717831104521
116,12.01102187657459,36.701052315547926,2.753424168758119,479.23109291159307
117,11.725910097840954,35.9990993016087,5.004820577490747,593.0772413447512
118,12.089309572437347,38.3099078951232,3.873337568743252,506.5473070543516
119,13.068638584182434,37.54052035512257,3.79872531905254,571.3074948754644
120,12.85499036656409,35.00748225744693,3.292797662575647,576.311177371677
121,11.56402236806554,37.67321036564864,4.716104987209577,576.8025473995871
122,11.113329897404322,37.38794554263559,4.018726609737513,514.239520718957
123,12.809883473378118,36.5496679900966,3.637701279515837,495.17595044947535
124,11.76117232548311,37.57016384471318,3.834169666632599,514.3365582674007
125,12.57989417361806,37.09326487011031,4.531986606666632,541.2265839893283
126,11.957923064554109,36.63465232853774,4.106055151602658,516.8315566841785
127,10.651793783474174,37.14600652898046,3.2182653850978555,468.4457372274064
128,12.75207661096469,36.71413783923341,3.283663455404016,548.2803201983364
129,11.540832436151057,37.526421027792445,2.924020724598205,431.6177337614297
130,11.924394923280015,37.245032469967526,3.90525030898213,552.9403454501057
131,12.4241304114395,38.94882502753235,4.920318406118319,573.3062222574563
132,11.810586764578169,37.41413357473937,2.473596120847858,452.627254995083
133,12.759168978762087,36.599112354294384,4.131276648377655,542.7115581025776
134,11.85189083494272,37.42454792226391,1.7677307075942403,407.8040306356823
135,12.70368792886871,36.10091445210865,2.72410820200549,482.3535703213531
136,12.215252424902488,36.59436168489157,3.897115859957253,529.2300901235094
137,11.28144500356714,36.4944064828881,2.491671541288354,433.0487690958266
138,10.735362917985055,37.45837473122323,3.8634254422050343,476.1914133494556
139,10.963131776054832,37.327282689879496,3.5786339003939878,439.997879939927
140,11.735094549013704,36.59937399114725,3.9588922643660966,448.9332932076743
141,12.418961981005012,35.97765170714366,3.251741770306888,472.9922466667984
142,10.537307537840883,35.73055240228659,3.914384667246393,463.9235129903258
143,11.919242397939174,39.29404346247573,1.4435150746515455,350.0582001638451
144,11.911415556879854,38.27470219571763,2.910037916541069,460.0612773912433
145,12.48806700205303,36.51838358912681,3.3455709758422434,505.7711403229565
146,12.380694979552985,37.23200330765404,3.0895277822700096,463.484995404266
147,10.480506832694497,37.33866962178549,4.514122441132637,479.73193764530447
148,12.296517680733736,36.95155521050133,1.8258846690261428,424.18549428888633
149,10.86160419912899,36.584437621758106,3.993656512525085,465.8893127108669
150,10.716355140061571,38.3072040068692,2.652158304851241,426.7752159856604
151,12.387184173554845,37.431159098326106,6.401228837806773,684.1634310159513
152,10.984835888186163,37.396497475332055,5.391275125020632,555.8925953881737
153,12.965761479512215,36.96638889642577,6.076653638440144,657.019923937652
154,12.050267234380506,36.95964319393419,3.8648607392342784,595.8038188761142
155,13.45772494051235,37.23880567308968,2.941410754428091,503.9783790525795
156,12.44304789043987,37.32784803784372,5.084861308602489,586.1558701804728
157,12.207298491050794,33.91384724758464,6.922689335035807,744.2218671047146
158,11.586319529181234,39.09462702670515,3.6043985602569495,512.8253581285203
159,11.378087087773377,38.304471191707776,3.7849321101304056,528.2238093680072
160,12.364341604455198,38.03910938707497,3.3091823280429797,468.9135013219844
162,12.54248105078634,38.31136489758187,3.768561962709896,536.4231045259343
163,13.280432242922112,36.93615937845674,3.585160635161344,490.2065999848546
164,11.795886676889108,37.65861690944284,4.520353377496559,550.0475805761635
165,12.718039174525655,37.66110668399285,3.6758488000184415,513.4505711860965
166,12.039647840787236,38.9240870506292,2.873007508505152,497.8119300055205
167,12.474455453922836,35.037856159447585,4.055775961742958,578.9862585804898
168,13.160020040286032,36.4077474507818,3.015175298743708,506.5363931400864
169,11.052323653306688,37.63300941664362,4.717102512825834,501.74923330839226
170,10.636761083696548,37.57883524203316,2.926396448726688,421.96679418586734
171,13.44340598514625,36.87831536782346,2.361086946869883,439.8912804768136
172,13.28303286832567,35.90729842685246,4.968742673728142,666.125591725772
174,10.859608533152713,38.83567008085342,3.669225611315444,465.1766233052969
175,11.691686125826353,37.480911976267066,1.7157771665531147,373.8857236969501
176,11.548761439776756,38.57651554990162,4.773503047345896,532.7174856761748
177,11.72400223179126,36.81385766052378,4.087837272921703,554.9007830202702
178,12.178573080885846,35.6742560274292,4.131755039569861,537.7731625414566
179,12.319845062066673,37.81915511227683,3.4427992020016864,501.100245232053
180,11.084360836740512,37.9596843202141,4.724027439824315,517.1651355939779
181,13.1777745337738,38.856041708111945,3.2309738432875563,557.5292736134538
182,12.832802836968115,37.67924462448078,2.972271382079821,493.719192978176
183,11.509047996817198,37.25305774145061,3.182329731786818,452.1226250857849
184,11.85766344472502,36.0869343253416,4.806349618785283,577.2734549822936
185,12.293365838346627,37.06462119956545,3.6203649883552,485.9231305248517
186,10.93325227854703,36.54550622682937,3.261324744787093,425.7450920310528
187,13.332839284456396,37.964390331775896,3.597459968849926,537.2150526997326
188,10.902556227019767,36.094241952849465,4.789201624179895,524.6379646141049
189,12.276981712741968,38.23260622710401,3.3164647447029107,478.8853913201482
190,12.038808239866547,37.63529940965426,4.632460945972205,612.3852298963607
191,11.724473856834608,37.15315160406014,3.308443000674604,476.7667241547634
192,11.202669899735568,35.49396408005127,4.015986640445781,505.1196375282037
193,13.378063328893631,36.33780003116479,4.369366793790984,545.9454921414049
194,11.38861261864104,37.90913871755985,2.56663984381683,434.0216997527185
195,10.771074062599588,37.278639793707605,3.5190324339539223,424.6752810132133
196,11.818571762285,37.1020313268591,1.503854421225295,352.5501081630003
197,13.808798675105962,37.42676891745393,5.039955263662929,662.9610878058954
198,11.659832840871443,37.28139282998597,4.47871260846301,560.5601606242603
199,13.100109538542808,35.90772142967966,3.361612984538193,467.5019004269896
200,13.067895684999526,36.67822227440393,1.9207154781756468,504.8704323933724
201,12.49432293326939,36.04545942048616,4.330714461860564,590.56271964715
202,11.340035931978807,37.03951365322458,3.811248170807232,443.9656268098819
203,11.199660962300452,38.68870909942437,3.0887639575315755,392.4973991890214
204,11.332487778094174,35.45986279714474,4.541695256706066,568.7175759305223
205,13.919494396088172,37.952013186883086,5.066696864020983,712.3963268096636
206,11.03135834040919,38.252978273334655,3.1074686827074625,413.29599918102974
207,11.084584086421872,36.77601657686874,4.74698970293514,562.0820453929382
208,10.54264542398311,35.53386350026307,3.091826869545788,412.012931298847
209,11.79779551488024,37.77736579677647,3.1956257763719886,468.6684655991273
210,12.442616548294634,38.13171202563648,3.8502796390964265,496.55408163560713
211,12.104542428062686,36.05964597986499,3.974522480483529,548.5185292758069
212,12.378490222808672,38.76429717446252,3.843848921495288,536.1308968550214
213,13.722453676229962,35.773116391246816,2.909008460485079,558.4272571753238
214,12.725909323593957,36.54466409871873,1.1390935384245742,357.8637186383917
215,13.68511889962359,34.89198326749108,2.6852848361090778,529.0566631985306
216,10.012583366223025,38.35495987026449,3.108911449181274,387.35707273642186
217,11.435533874300315,36.22355746230224,4.852842407156433,528.9336185650203
218,12.354607081759855,37.12234520816764,2.30755242118396,420.91615953269286
219,10.748533655415798,35.73870747121452,4.83552866742221,496.9334462555319
220,11.59187166512224,37.743619699549896,3.6785893989539975,519.372976801355
221,11.236506758754029,37.67502073290805,5.254708925941115,591.4377355684503
222,11.109456333168431,38.585854757332655,3.8928914802112553,502.4097853029053
223,12.114944955194904,36.28872395038688,4.389455226416517,604.3348400688554
224,11.866481205181705,37.71777057005867,4.003325039023281,555.068394054576
226,12.168596472860555,37.073616172195656,4.403369830866465,547.1109823629461
227,13.085356892368791,37.60565280041329,2.648596770203317,461.92087689289787
228,13.013375627349651,36.65127791701514,2.367848224385222,458.3769106506301
229,10.9839767277944,37.9514894585739,3.0507129732180167,436.2834981467513
230,13.105158522307253,35.57484166706179,3.641497161540088,532.9352188376637
231,12.144748536704864,37.25803145871123,3.397363092819078,512.5525343564015
232,13.90991551102909,37.79223754313027,4.297686524285517,630.4227632299235
233,11.395209434440888,37.33281445580523,3.803364999065175,463.74598112062944
234,13.033566182687188,37.07679515601331,2.6334199887174443,493.18021624931
235,11.622777173031125,35.96889569049678,3.634093727357596,501.2091726816533
236,12.600750401563928,37.37011822360151,3.467014066009709,501.9282648732441
237,13.187910985159364,37.06708996741924,1.4943108951995074,376.3369007569242
238,13.266760352944496,36.97119509745716,2.267251114447051,421.3266312569514
239,11.752343171850052,38.57360522634684,5.023934200606659,538.774933478023
240,11.56811634209842,36.90937820695247,2.471750669720034,398.163468533652
241,12.63857212219212,36.097220934711,4.297737481971207,571.4710341154246
242,11.388644575171451,39.08156474568163,2.4369588757864635,451.6286105401996
243,11.82298329832392,36.94612578169275,3.656983926688144,490.6004425003995
244,12.725677367222987,35.96566746423624,5.000243360514445,591.7810894256675
245,11.201159766003189,37.68933697894965,2.412830960970926,409.0704720533178
246,11.34726361146273,36.32365246819823,5.314354141170213,563.4460356732392
247,14.220979108167343,37.52319665049046,4.0777750980104255,647.6194557251926
248,11.546275759510358,36.947953692845566,3.2750706813095327,448.34042501104767
249,11.91763618310149,36.84473381504451,3.634996006306897,518.7864830920807
250,12.276056984463208,37.19279353222784,3.9824715131070567,523.6339351357243
251,10.131712461927217,34.84561239331277,3.287701824074408,393.8573709860865
252,12.026942222615626,36.13389429009422,2.3133498845806395,426.154547713103
253,13.172287495263063,36.19975347391624,3.557813698186695,503.3878872879605
254,12.326291385476884,36.67387835766538,3.350279287544909,482.6024673294826
255,13.891313421778491,39.22071295098572,2.9070949348220267,524.7976275698039
256,12.930928541308226,36.36024719793431,3.7927119551515887,574.6548433659395
257,11.379257182400217,36.63610411908917,4.029453828152192,574.7472196620896
258,14.069382336483995,38.99332245115573,4.978475793470261,660.4251842914138
259,10.804890557641668,37.37276214632111,2.6995620549722683,375.3984554102431
260,14.426491050422625,37.37418350489759,3.9306153266132897,640.1877400085721
261,13.041244588162265,36.655208083959465,3.456233823526301,514.0098178487356
262,11.739743796165987,36.85481082475086,2.1820169698233887,376.496840718537
263,12.49105873801881,38.238940853091385,2.7095266269292764,484.5198091105511
264,12.892374513653694,36.52738830431376,4.594116864603191,614.7296376283244
265,11.668866514553862,37.34126616101072,4.25698328967803,567.4750105270774
266,11.777772039564963,37.97982686004657,3.784273087078304,554.003093429799
267,12.138793877121689,36.853882459920776,1.62341960945622,399.98387159812256
268,12.222967446546058,36.8227532265912,3.4145062403052493,479.17285149109694
269,13.402331896928285,37.29204470528371,3.6060868889081727,585.9318442972224
270,12.956276605432244,38.655094538522064,3.275733705185027,540.9957391083377
271,12.884124621344766,36.22604169397467,5.007271986589903,628.0478039330167
272,13.325469096138631,36.76860309148005,3.37125811322392,582.4919237338106
273,12.15858523387948,36.57513377612486,5.453969474611709,640.7861663983061
274,11.22654566351062,35.669935165958194,3.7558693892629655,446.4186733701357
275,12.461135435006732,37.74560774187829,4.664258497238649,570.6300980875259
276,9.846124908736233,36.876313233417314,3.8066709485629935,423.3083340974698
277,13.32541218598226,36.897294609068695,5.049927474652407,616.6602860166826
278,13.677245841523792,37.74469969514907,2.871947536151015,530.3624688854229
279,11.644969546399302,37.02687697079434,3.2367328142505314,442.3631173838644
280,13.485008988077055,37.55088041321525,3.086337272317325,511.9798599920658
281,11.620996507575208,38.4194685327455,4.559699083258959,560.4437921717631
282,13.014459152355208,37.78903634703419,3.0102097779609496,475.26342372754846
283,11.466984219092826,35.675727630820134,1.80922959177631,374.2696745439231
284,11.684904192367505,38.71707629773135,3.594295099901167,463.59141802794056
285,12.09396635537946,36.62077385548951,3.049195743789432,471.602884392892
286,14.325654943309248,35.7218273299056,3.6343402240734415,626.018672655394
287,12.914846634589116,39.06886445133981,1.4823596439649784,432.47206125141577
288,9.8244017703894,35.74277912557426,2.921350140816143,356.6155678900057
289,12.807751833234732,38.55103028983871,1.8100798764120296,467.4278485003528
290,13.05827792714326,37.26387556144864,3.373104673991114,503.2173931191067
291,10.534553499461076,37.03479128933126,2.2147975193939367,378.4735664479011
292,11.143433077943628,35.94639914639545,5.454463277564527,584.2183134866808
293,10.982805534662877,34.81063145023747,3.201801722174991,451.7278633175868
294,11.153966054877388,37.24032955207884,4.729484541572504,557.6341089957288
295,11.947175323941773,36.19083323650043,3.205529764506833,432.7207178399336
296,11.47056500466582,37.0616887661275,3.802511438790271,506.4238599698002
297,11.03785041365591,38.61733445368848,4.116340467131812,510.1598172791045
298,11.167356897497289,35.62658733096311,5.462500764129899,587.5747994806404
299,11.562936246652605,35.97656497174036,1.4816166268553612,282.4712457199145
300,12.22772827968665,36.98591347608606,3.771420131891554,473.94985742281614
301,13.18681287300118,38.06692960186935,2.898299577888636,489.90805309753534
302,13.394451788942057,37.80697766984659,3.5690465158585187,541.9722037582585
303,11.85139874307314,36.92504303887863,1.0845853030221226,266.086340948469
304,12.266503838947584,36.57503097579012,3.0234744460455456,494.6871558102853
305,13.459222289832477,36.33952101023726,5.56638489205681,689.7876041747194
306,11.792971821961505,36.25781911850192,2.3951681299791368,387.5347163057077
307,10.98574015235435,37.36839124072731,3.5048334855203,441.8966315178863
308,12.637557159364276,36.5170857636486,5.226687712532107,604.8413188212227
309,8.508152176032603,35.46240008104617,1.8382107022501144,302.189547809652
310,11.656592033851751,36.54860515461888,3.363411393785737,479.6148116731426
311,11.966898076780602,36.54759627699103,2.957448756503683,506.132342437705
312,11.80298577760313,36.315763151803424,2.0838141920346707,319.9288698031936
313,12.677401437121034,35.622530591605994,3.680847338174777,528.3092250312227
314,13.032534975943191,37.87095205416159,4.693732057983859,610.1280331303979
315,12.44761745405695,37.53453024067718,4.008352234634593,584.1058850493533
316,12.235659245108506,37.27757337619507,2.532044061507893,466.4211988217437
317,10.973162084317348,36.60950715426321,2.8709869096996963,404.8245288726869
318,13.665769794267849,36.90022076162611,3.515688256202335,564.7909690079206
319,13.391120179234008,37.19419104646396,4.06991661858986,596.516697973153
320,12.96832561098067,38.296110372778266,1.2004838567566694,368.65478494706446
321,12.968893130527093,37.33310741829708,3.22945090446699,542.4124767293989
322,10.732131340303663,36.14579171248221,4.086566338485993,478.26212639683575
323,10.952353380458652,37.64629178743077,4.019470351595002,473.360495571661
324,12.60888879370027,37.22939451627662,4.205903889533483,559.1990479544186
325,13.039511025284968,36.31272657154038,2.0181946292873114,447.1876443054186
326,10.999683661085925,38.44276668680506,4.243812816726185,505.23006828207065
327,13.278956228597716,37.38718052656558,4.626075291951958,557.2526867470547
328,10.62794922615627,38.04031366664072,3.00295702283384,422.3687366068266
329,13.185181167368498,35.92159518889928,1.823595182991803,445.0621855089249
330,11.351049011250833,37.08884657968332,4.078308001651641,442.0644137580656
331,12.954811454937932,37.1088163801084,3.689916615447592,533.0400601788124
332,11.73704063527238,37.93518904595916,2.190132185380053,424.2028270990325
333,11.887345302061831,35.86244707788159,3.2067566975868704,498.635598489176
334,10.757130926114415,36.59586794587455,1.9770071278430592,330.5944460341002
335,11.612650769570312,39.24880390433504,3.349245382527182,443.4418600624623
336,11.97906148391534,38.26906069147024,3.532861579556475,478.600915944333
337,12.461147444665416,37.42899736939191,2.9747368150832405,440.0027475469415
338,10.079463451952432,38.0706642585136,2.6181653103960847,357.7831107453153
339,12.589240561061525,37.33224074655334,2.8040136926903942,476.139246872566
340,14.2880145907663,36.77386136993079,2.9644978762354017,501.1224915036564
341,11.917115695587762,37.76668677332467,4.3508878437244665,592.6884532021675
342,11.40964461636565,35.77778217066089,3.8724320418689104,486.0834255029927
343,12.815392648610311,37.95780983454751,4.615426306527649,576.0252441251166
344,11.673229254101274,37.84065507750671,2.727209453758874,442.7228915742714
345,10.61053651970745,37.97738873797974,3.537123879902206,461.7909590614097
346,12.506548190327935,35.82346666642284,3.12650948966,488.387525780145
347,11.304462307422884,37.83397172859896,5.137816745950984,593.1564014822196
348,10.886921180951674,34.897827688311345,3.1286388557446334,392.8103449837973
349,12.095889485093478,36.37750903434099,3.1789524050534483,443.19722102875545
350,12.692661429739388,37.33359061333867,3.827375915107567,535.4807751896418
351,11.386775551280651,38.19748324839899,4.808320372869162,533.3965537868428
352,10.728418539377822,36.88119240747175,4.048510087289211,532.1274491097012
353,11.936895159842097,35.90025278215821,4.5433324132930855,558.9481123879059
354,12.717995102314037,35.12882235312117,3.4810621331251683,508.771906741518
355,10.969802874106238,35.9745781075859,2.627624971434411,403.7669020956173
356,13.420545742201174,37.76369040280343,4.794312263402832,640.5840618984408
357,11.85468192110211,37.49189221040693,2.761861926301417,461.62827839108616
358,11.91885970932454,35.71626915951701,2.1596760229888288,382.4161078654751
359,13.149669557991398,37.65040020345744,4.1956144126751305,561.874657668983
360,12.685393899848076,36.04898625036686,2.139403004485981,444.57614413373005
361,10.347876945661575,39.04515569638811,3.43455972254092,401.0331352191061
362,9.316289204373824,36.91495154541398,2.8684281816397523,384.3260571375157
363,12.581547729914536,35.444264696393994,3.137068975480682,527.7829957560522
364,11.764447589452988,37.922703809566,3.5258064121952244,482.144996875768
365,12.644202118863696,38.00182746752369,5.038107493844868,594.2744834186117
366,11.832112231483734,36.841491638054855,3.6122391519937,502.0925279023197
367,10.441235061603203,35.93896250240334,2.895075162804356,407.657178759326
368,12.729719510423308,36.232109802584205,5.705940716620838,708.9351848669819
369,9.477777607959723,37.90601452014432,5.0470225513951,531.9615505451646
370,10.163179060052556,37.76304108154524,4.778973636034998,521.2407802357948
371,11.608997936221536,38.11045690682496,2.96655888465992,447.3690271993314
372,11.268259230574026,36.9569654250941,2.6689197733345025,385.152337987975
373,11.163159542913276,37.088319364334765,3.620354588804087,430.58888255648486
374,10.101632204781014,38.04345265084127,4.238296188412728,418.602742095224
375,12.76153127820102,36.90818962373682,2.4793398232086954,478.9514047578855
376,12.055340161330117,37.68546548721554,3.506967573635258,483.7965220614929
377,11.935934966559184,35.78392374450292,3.310150346576856,538.941974531203
378,12.451200012438312,36.66579136924871,3.535802467873828,486.1637990666317
379,12.284467067067208,38.29572526401705,1.1304769604319769,385.0950070687634
380,12.782171794760185,35.55077226680613,3.2287176862706497,527.7837897574573
381,12.960307128914414,37.951946317735135,3.3459223210048927,547.1907493518986
382,9.95399500605983,37.34573893439929,3.2156668270219866,410.6029439492151
383,13.130021664776669,35.42933438847124,3.7905521368804433,583.9778019715428
384,11.520566788562215,36.18913179541947,3.5612152714310823,474.5323294398898
385,10.972554314292411,34.57402758718963,2.931619534651152,414.9350606518193
386,13.53191346185937,38.95246252162795,3.0465406206892376,550.8133677324173
387,12.039502370469922,34.48718474774243,2.739200466766662,458.78113168424994
388,10.942069621017652,36.17049420248099,2.783963128204522,407.5421680134348
389,12.664192622515646,37.02715036476952,4.330407444211276,581.3089328795
390,11.730661394277831,36.8821490815068,3.41620997759013,546.5566668627299
391,11.918670307379347,37.31770494919684,3.3363393820041853,503.1750851912004
392,11.514949066574868,37.128039498322295,4.662845304002564,549.131573287217
393,12.418113202231622,36.155336204959546,3.222080766760957,482.8309858617018
394,13.887275413385504,38.38195597213616,3.772969024644708,557.6082620533542
395,12.846499067474369,37.86921693600857,3.420149530164856,484.87696493512857
396,10.889828283005029,35.565436237139735,6.115198945760052,669.9871405017029
397,12.914570094327916,36.04620351842453,3.488029991222591,547.7099885778625
398,11.568526641744768,38.918748541019504,4.082855278762214,537.8252822957112
399,11.971750786570595,37.19936752783635,2.8296995751470893,408.2169017707518
400,13.07869243953642,37.329818625212354,5.405406467229508,663.0748176067602
401,11.956426484854196,36.5173461200418,3.451750709833103,506.37586675019753
402,13.252737094184228,37.30596141998359,2.935577273740486,528.4193296952955
403,13.093537281195058,38.31564796064117,4.75036007144446,632.1235881419656
404,12.527471744522868,36.688366542504845,3.5314023030588984,488.2702979651482
405,11.235968954252517,37.05261630809583,3.904479379627935,508.7357409506604
406,12.074830167957376,35.56917031744619,2.3990797897904117,411.1869635742789
407,12.045331979699332,38.50588332918249,2.847709026474498,409.09452619233787
408,11.230743306761044,36.99529016635977,3.781703565104839,467.8009243667916
409,11.90784409977911,35.18912244437772,4.34977841863416,512.165866388158
410,13.05221038516131,38.77566529611688,4.574287716419565,608.2718166151668
411,13.004362005673078,36.98504141740091,4.620416384895069,589.0264897562791
412,11.52352268106905,35.9380452301724,3.0130325004194374,444.0538265727727
413,10.314717921893896,36.72902940108787,4.791108744558267,493.18126139071865
414,12.433128529733452,37.62690680204789,4.334001444341368,532.724805462904
415,10.745188554182882,38.79123468689964,1.4288238768282668,275.9184206503857
416,11.016755636715027,37.6373109611636,4.137000388171067,511.0387860511611
417,12.216854693359824,36.95395970110429,2.910530822492482,438.4177420114685
418,12.329147021418828,37.07437106706513,3.982462318955639,475.7250679098812
419,10.8069660677747,36.01231723045213,3.701229217020273,483.54319386538816
420,12.135101396955722,37.14209368933963,5.8405058759314255,663.8036932755082
421,12.94155572990243,36.72527682557127,4.560396067343641,544.4092721605869
422,13.300299363336556,36.393683855020775,4.4900020655598345,630.1567281670505
423,10.39845771308564,36.68339299807869,3.859817998874009,461.11224843060927
424,11.887800415781037,37.86144725932397,3.0466201888222324,491.9115050963458
425,11.591439703136588,36.456898410524325,4.652854446136777,574.4156896079882
426,13.27147504252467,37.23984661097634,4.022102909528949,530.766718654762
427,12.988220598633102,39.67259095594186,3.9694177591077393,581.7987976770314
428,14.039867262521906,37.02226898591233,3.7382251733253336,556.2981411740467
429,11.906507762219915,38.42286529341121,3.37668749953603,502.132789227254
430,11.13714030231066,38.40137368953426,4.595522708601322,556.1863688687886
431,12.902664889103926,36.61119877576035,2.2239934582520533,475.0716298996618
432,12.386516256494852,35.63211221551042,4.288486770885737,486.9470538397658
433,11.822721745594304,36.30854529439036,2.11738254152726,434.1442020262987
435,14.132893457553363,37.023479236405706,3.7620704427115657,571.2160048349454
436,11.912210479900578,36.08964365766702,4.00096358646012,583.0796356620574
437,11.481587147836263,39.24096484164356,3.5325171645393527,445.74984123965226
438,10.04731473507118,37.18144731064989,3.5350884276189447,392.9922559140308
439,12.428736927868275,37.30536187928602,4.158214652664192,565.9943634015268
440,11.965980266792482,36.831535850846905,3.549036057426973,499.1401524490539
441,11.121366060509414,36.97937237345656,4.129254688094536,510.5394216996283
442,8.668349517101323,35.906756365793065,2.2524459633808416,308.52774655803336
443,12.504219807675254,37.64583878801402,4.051382465375181,561.5165319790891
444,12.132509111641538,35.4567981489283,3.0720761414868827,423.4705331738239
445,11.732991461588078,35.633953947400784,4.331863026751083,513.1531118530668
446,11.946590884981754,36.486325072393406,3.937862643180167,529.1945188649573
448,12.480701517118195,37.680287608367976,3.2794662600656097,478.5842860083426
449,12.594194066191111,37.68387537364701,2.5717778354776577,444.5821649786528
450,10.946841939586896,37.64780805527063,3.8260306175375134,475.0154070877503
451,11.48419869378604,36.83936583281821,2.402453833414224,436.7205558562188
452,11.120870867123784,36.80837605948795,4.02781384191709,521.1953105318003
453,10.971392430875488,37.72236711094261,3.629339915268192,478.1830597118797
454,11.588948579712495,36.32214091690131,3.189609941879746,432.48116855701767
455,10.706641521307748,35.76615350038372,3.393975043434297,438.30370784642975
456,11.07625934092972,34.77975050203264,2.574948470025072,388.9405487921943
457,12.953262542191796,37.03427958207978,3.4720213800343784,534.7714849461672
458,10.572466600106116,36.86218334634355,4.198349060814376,537.9157529213054
459,11.658036814224134,37.42527868006791,2.086348146609663,407.8763782204976
460,13.592512657946294,36.83865678634849,3.605933917733071,618.8459704239658
461,11.371767361249,35.26149811626243,4.034386130357466,502.77107456549606
462,11.233414953540922,37.21115258135112,2.320550249888456,397.420584096457
463,10.290350765056484,36.929761561703394,3.491093337009152,392.2852442462675
464,14.121783839255324,38.40632901011416,5.320093863780987,689.2356997616951
465,12.41554196333362,37.67232248424959,3.130538462464844,543.1326262891694
466,10.770248917443364,34.649800047407126,4.985204970864011,577.7360248512277
467,12.664390524735165,36.36684324701071,1.726962043188511,436.5807403475482
468,12.667808875387266,37.48704924855169,3.7016222869142337,553.9946735912697
469,13.970181074130446,36.67395273856423,1.7851739448879638,427.3565308022928
470,11.509253453525044,36.59928908739349,3.0226757598626595,424.7287739291025
471,11.405770450141056,36.378271013194265,4.041244969129275,541.0498309594356
472,12.263717676034362,38.86023443032663,3.13952693504287,469.38314617236114
473,12.71070130045925,36.16646339192148,2.562818810803233,444.5455496511082
474,13.471577671948916,37.0716431982524,2.3790764968915394,492.55683370047706
475,11.186808718643787,36.29889307823573,4.301996499354755,535.3216100850124
476,11.246812606011584,38.68258378408295,2.0947616690074846,408.9583359406166
477,12.357638107209011,36.16604163340145,4.089330841235956,487.5554580579016
478,11.764325958658198,36.87502580891776,3.5160510174718302,487.64623174384167
479,11.761883803681748,38.12651979793058,1.8208106181524435,402.1671222237256
480,11.550300110865926,35.769329630500295,4.183143661726128,551.0230017027826
481,12.482669924970503,35.536024530304154,3.393902788069372,497.38955775884335
482,11.731364294077403,36.074551140168914,4.4263640805293125,494.6386097568927
483,12.21407374586628,37.198427822725975,2.905238361446573,479.2474167840931
484,11.903756682535942,36.87454360467994,2.782757828499416,462.65651893471335
485,12.222483941893726,36.35523488364423,3.4470177927906893,515.5024796636585
486,12.005916370756166,36.53409567089256,4.712233578509766,576.4776071703129
487,11.91374515283876,36.058647603220486,1.2281124234144234,357.85798360521926
488,12.125401967944384,38.18776368086846,4.019051426800219,597.7398788791847
489,11.30555143041474,37.13312675937632,1.7073897286757314,327.37795258965207
490,11.608997070875462,37.68487727530606,3.1630919310737573,510.4013884525048
491,11.693058197072652,36.81293412550146,3.4470928961368963,510.50147847479735
492,11.201569884684467,37.83544772741218,2.208813678005546,403.8195198321978
493,12.625432642053951,35.539142427505084,5.412357839551379,627.603318713015
494,13.35063168445937,37.96597162275134,2.768851943263104,510.661792219672
495,13.566159613087605,36.4179847963968,3.746572973103466,573.8474377162277
496,11.695736293481328,37.1902677104526,3.5765259152594644,529.0490041294304
497,11.499409061002083,38.33257633196044,4.958264472618698,551.6201454762476
498,12.391422991118318,36.84008572976701,2.336484668112853,456.469510066298
499,12.418808324753911,35.771016191612965,2.735159567082275,497.7786422156802
